002522 5
002534 2
002535 2
002536 1
002548 2
002550 1
002561 1
002562 2
002563 1
002564 1
002573 1
002575 2
002576 2
002587 1
002590 1
002591 1
002601 1
002602 1
002603 1
002604 1
002605 1
002614 1
002615 1
002617 2
002619 1
002631 1
002632 1
002634 1
002641 2
002644 1
002646 1
002648 1
002654 1
002655 1
002657 1
002660 1
002669 1
002672 1
002673 1
002676 1
002680 1
002681 1
002684 1
002686 1
002691 1
002693 1
002694 1
002699 1
002716 1
002717 1
002720 3
002729 1
002731 1
002734 2
002735 1
002744 1
002745 1
002748 1
002758 2
002759 1
002760 1
002761 1
002771 1
002773 3
002775 1
002786 1
